# IMAGENAME X Y Z POSCOV EL AZ ELSIGMA AZSIGMA ATTCOV
frame00000.jpg -742018.3223558697 -5462218.0535360565 3198014.2950895601 0.0000138785 0.0000047869 -0.0000037986 0.0000531691 -0.0000218020 0.0000205412 -0.0825293288 1.5582630634 0.0314434506 0.0162498932 0.0000124042 0.0000023316 -0.0000009683 0.0000326004 -0.0000107816 0.0000147934
frame00001.jpg -742018.3192260547 -5462218.0313877817 3198014.2952277833 0.0000139054 0.0000047401 -0.0000037782 0.0000536530 -0.0000219470 0.0000206446 -0.0712793991 1.5644249916 0.0312535614 0.0161041152 0.0000122364 0.0000023311 -0.0000008258 0.0000320285 -0.0000107454 0.0000147067
frame00002.jpg -742018.3200359954 -5462218.0189021984 3198014.2957729334 0.0000139293 0.0000047767 -0.0000038108 0.0000536497 -0.0000219818 0.0000207167 -0.0986893550 1.5682528019 0.0314025916 0.0163361244 0.0000123958 0.0000022026 -0.0000009325 0.0000326167 -0.0000107510 0.0000148674
frame00003.jpg -742018.3187986395 -5462218.0363918105 3198014.2988005267 0.0000139388 0.0000046063 -0.0000037602 0.0000547524 -0.0000221641 0.0000207674 -0.0763113797 1.5490653515 0.0314057432 0.0162555110 0.0000123413 0.0000023690 -0.0000008624 0.0000324454 -0.0000107781 0.0000148317
frame00004.jpg -742018.3252811912 -5462218.0085024545 3198014.2941415207 0.0000145544 0.0000050752 -0.0000041012 0.0000545031 -0.0000222749 0.0000210827 -0.0779570788 1.5595176220 0.0315352082 0.0164940897 0.0000127042 0.0000020955 -0.0000009678 0.0000330919 -0.0000106227 0.0000148847
frame00005.jpg -742018.3227469112 -5462218.0162997143 3198014.2983212005 0.0000139389 0.0000046073 -0.0000037219 0.0000550247 -0.0000223294 0.0000209290 -0.0903361216 1.5537861586 0.0314526297 0.0163332503 0.0000124954 0.0000021965 -0.0000007762 0.0000327582 -0.0000107614 0.0000148110
frame00006.jpg -742018.3220248364 -5462218.0483763134 3198014.2939723996 0.0000140786 0.0000046346 -0.0000037986 0.0000543798 -0.0000221736 0.0000208852 -0.1012789309 1.5614705086 0.0315178260 0.0163208377 0.0000124608 0.0000022488 -0.0000008870 0.0000328749 -0.0000108636 0.0000148626
frame00007.jpg -742018.3223880230 -5462218.0526253385 3198014.2980028954 0.0000139100 0.0000046982 -0.0000036620 0.0000538258 -0.0000218850 0.0000205416 -0.0768007413 1.5558182001 0.0312888473 0.0161327254 0.0000123398 0.0000023259 -0.0000008517 0.0000321585 -0.0000107503 0.0000147013
frame00008.jpg -742018.4171016326 -5462217.8988531809 3198014.5536244540 0.0000314371 0.0000138538 -0.0000194612 0.0003401798 -0.0002037103 0.0001610197 -0.2185862213 1.6648952961 0.0564296804 0.0279585924 0.0000348066 -0.0000007541 -0.0000109806 0.0001011826 -0.0000411993 0.0000509021
frame00009.jpg -742018.8863914143 -5462218.3754763054 3198015.0421794970 0.0000144210 0.0000049227 -0.0000042941 0.0000541700 -0.0000220932 0.0000210099 0.1152818352 1.7860162258 0.0321465954 0.0171187278 0.0000129610 0.0000016426 -0.0000011681 0.0000356925 -0.0000110383 0.0000151391
frame00010.jpg -742018.9301931942 -5462218.3885226166 3198015.2417999739 0.0000141445 0.0000046720 -0.0000039361 0.0000544644 -0.0000219453 0.0000205788 0.1360977441 1.8075739145 0.0313798040 0.0166847166 0.0000126529 0.0000019669 -0.0000009951 0.0000337435 -0.0000108196 0.0000148562
frame00011.jpg -742018.9240446773 -5462218.4224818284 3198015.2449238184 0.0000144198 0.0000048755 -0.0000042873 0.0000536612 -0.0000220738 0.0000210850 0.1026516706 1.7875822783 0.0325011760 0.0174902361 0.0000128428 0.0000010419 -0.0000011266 0.0000369578 -0.0000109640 0.0000151817
frame00012.jpg -742018.9204953843 -5462218.4179085465 3198015.2493296466 0.0000146743 0.0000046560 -0.0000044331 0.0000561818 -0.0000223689 0.0000210992 0.0546951294 1.7824175358 0.0332758687 0.0172437076 0.0000129604 0.0000013698 -0.0000012523 0.0000379856 -0.0000116963 0.0000153984
frame00013.jpg -742018.9421971625 -5462218.4799581179 3198015.2437683223 0.0000138809 0.0000044833 -0.0000037027 0.0000550059 -0.0000221432 0.0000206364 0.2450073659 1.7661973238 0.0321804434 0.0180599820 0.0000128400 0.0000004964 -0.0000008462 0.0000392794 -0.0000111737 0.0000148530
frame00014.jpg -742019.4287306102 -5462218.8528970024 3198014.7779739904 0.0000160566 0.0000047897 -0.0000020158 0.0000585626 -0.0000222568 0.0000223304 0.1776318401 1.5087229013 0.0315249339 0.0171229988 0.0000129184 0.0000016069 -0.0000011404 0.0000350680 -0.0000107787 0.0000152327
frame00015.jpg -742021.3651456085 -5462217.2020048052 3198012.7636461016 0.0000138177 0.0000046819 -0.0000037002 0.0000545351 -0.0000220314 0.0000205279 -0.5565721989 1.7333126068 0.0274408218 0.0191933140 0.0000125885 0.0000021524 -0.0000008981 0.0000334529 -0.0000109384 0.0000148518
frame00016.jpg -742018.3904914304 -5462218.3824556051 3198013.8211807325 0.0000157656 0.0000046643 -0.0000018629 0.0000592445 -0.0000223106 0.0000222501 -0.5563156605 1.7258464098 0.0273174569 0.0190994907 0.0000124246 0.0000023372 -0.0000009981 0.0000329110 -0.0000109222 0.0000149069
frame00017.jpg -742018.7173014557 -5462218.3998422110 3198013.6052611982 0.0000144065 0.0000048650 -0.0000040866 0.0000547388 -0.0000222429 0.0000210634 -0.0944315046 1.0318422318 0.0314749144 0.0168800820 0.0000125901 0.0000024718 -0.0000012311 0.0000324183 -0.0000108984 0.0000151785
frame00018.jpg -742018.8457773665 -5462218.4078436382 3198013.8047081199 0.0000153453 0.0000044372 -0.0000025444 0.0000579468 -0.0000222850 0.0000217212 -0.0175845604 1.7319663763 0.0316223539 0.0163473040 0.0000125197 0.0000020049 -0.0000009046 0.0000332582 -0.0000107189 0.0000147203
frame00019.jpg -742018.7602254141 -5462218.8831063034 3198014.4168018042 0.0000140937 0.0000049057 -0.0000038404 0.0000537557 -0.0000221798 0.0000208475 -0.0555891320 1.6737477779 0.0315847211 0.0162182637 0.0000125892 0.0000023463 -0.0000007950 0.0000328045 -0.0000108973 0.0000149020
frame00020.jpg -742018.1279117179 -5462219.1525530722 3198014.6181792747 0.0000142213 0.0000046764 -0.0000037938 0.0000546604 -0.0000220752 0.0000207687 -0.0331709981 1.7988959551 0.0315632150 0.0164428111 0.0000127529 0.0000023757 -0.0000010442 0.0000328798 -0.0000106933 0.0000149423
frame00021.jpg -742017.2084945184 -5462219.1807059189 3198014.6291517233 0.0000145816 0.0000047548 -0.0000041593 0.0000548016 -0.0000223175 0.0000213009 0.1610144675 1.8023999929 0.0308099650 0.0166721195 0.0000126909 0.0000023038 -0.0000011652 0.0000323119 -0.0000106456 0.0000150741
frame00022.jpg -742016.8495988905 -5462219.1756509077 3198014.6397105483 0.0000159656 0.0000048656 -0.0000020993 0.0000577529 -0.0000220685 0.0000223764 0.0233899467 1.9361649752 0.0315195955 0.0167031549 0.0000127901 0.0000023444 -0.0000010970 0.0000328980 -0.0000106394 0.0000151081
frame00023.jpg -742016.7720900853 -5462219.2073679781 3198014.5383422496 0.0000160871 0.0000048573 -0.0000019253 0.0000583623 -0.0000220793 0.0000222290 -0.0095290290 1.7913035154 0.0311645195 0.0160622373 0.0000123184 0.0000023189 -0.0000008714 0.0000318408 -0.0000106187 0.0000146646
frame00024.jpg -742016.5857253621 -5462218.8711091690 3198014.2045569164 0.0000138499 0.0000046640 -0.0000036047 0.0000542935 -0.0000219287 0.0000205171 0.0396899544 1.9036221504 0.0313344523 0.0161999222 0.0000124005 0.0000023082 -0.0000007841 0.0000325239 -0.0000107149 0.0000146777
frame00025.jpg -742016.5012144080 -5462219.1318425462 3198014.4323984403 0.0000138005 0.0000047476 -0.0000037319 0.0000533581 -0.0000219050 0.0000206588 0.0558162071 1.9044152498 0.0312237199 0.0161578283 0.0000125096 0.0000024789 -0.0000008369 0.0000321882 -0.0000107315 0.0000147556
frame00026.jpg -742016.6831841252 -5462219.4730423968 3198014.6863174709 0.0000139033 0.0000046960 -0.0000037819 0.0000532827 -0.0000217156 0.0000204628 0.0167897344 1.9010558128 0.0312965959 0.0162978582 0.0000124195 0.0000022605 -0.0000008993 0.0000322967 -0.0000106458 0.0000147915
frame00027.jpg -742016.5887354400 -5462219.8532207757 3198014.8419076125 0.0000157699 0.0000048153 -0.0000018198 0.0000581629 -0.0000220365 0.0000220231 0.0696543679 1.8712681532 0.0311998408 0.0163015965 0.0000122963 0.0000021864 -0.0000009260 0.0000323898 -0.0000106717 0.0000147350
frame00028.jpg -742016.8297060449 -5462219.6485451348 3198014.8791103163 0.0000159539 0.0000049432 -0.0000020218 0.0000573766 -0.0000219421 0.0000222240 -0.0006329664 1.8732845783 0.0314298607 0.0161811262 0.0000125521 0.0000024339 -0.0000009251 0.0000324105 -0.0000108065 0.0000148136
frame00029.jpg -742016.9443868028 -5462219.7627809513 3198014.8478854159 0.0000157232 0.0000049805 -0.0000018884 0.0000573030 -0.0000219584 0.0000220332 0.0176954195 1.8672994375 0.0312533900 0.0162113439 0.0000123419 0.0000023066 -0.0000009130 0.0000321075 -0.0000106756 0.0000148042
frame00030.jpg -742016.9085374752 -5462219.6842839355 3198014.8449028963 0.0000156930 0.0000049142 -0.0000018370 0.0000574907 -0.0000220012 0.0000221179 0.1010353193 1.8604081869 0.0309342314 0.0160748158 0.0000123118 0.0000023643 -0.0000007261 0.0000318923 -0.0000106845 0.0000146404
frame00031.jpg -742017.0146816840 -5462219.7100456702 3198014.7952078227 0.0000158050 0.0000049063 -0.0000019174 0.0000573106 -0.0000218747 0.0000221009 0.0931509659 1.9100180864 0.0310488511 0.0161467362 0.0000124071 0.0000024500 -0.0000008118 0.0000320735 -0.0000107160 0.0000146872
frame00032.jpg -742017.0467039489 -5462219.7914288612 3198014.9404815226 0.0000157186 0.0000048425 -0.0000018148 0.0000581273 -0.0000220739 0.0000220321 0.0773231760 1.8521200418 0.0313918591 0.0162600819 0.0000122499 0.0000021277 -0.0000007770 0.0000330783 -0.0000107728 0.0000145873
frame00033.jpg -742017.0672119559 -5462219.7286271956 3198014.9357501487 0.0000162495 0.0000049358 -0.0000021772 0.0000578006 -0.0000218141 0.0000225744 0.0439128540 1.7812068462 0.0313168392 0.0164528806 0.0000126869 0.0000023817 -0.0000010305 0.0000324575 -0.0000105958 0.0000150116
frame00034.jpg -742017.1018731560 -5462219.6490512835 3198014.9607504681 0.0000158997 0.0000048903 -0.0000019945 0.0000582947 -0.0000221671 0.0000222764 0.0522714406 1.7798025608 0.0314025432 0.0163709279 0.0000125026 0.0000022377 -0.0000009707 0.0000327879 -0.0000107014 0.0000148592
frame00035.jpg -742017.3160226902 -5462218.8450527638 3198014.4865992903 0.0000158416 0.0000049024 -0.0000018257 0.0000573699 -0.0000220176 0.0000222086 0.2457835972 1.7788149118 0.0302016716 0.0167104714 0.0000125679 0.0000023815 -0.0000010392 0.0000321030 -0.0000108423 0.0000150501
frame00036.jpg -742018.6428472162 -5462218.3679162636 3198014.3423232869 0.0000158165 0.0000046394 -0.0000018180 0.0000583839 -0.0000219583 0.0000220104 0.1154490933 1.8340266943 0.0310310014 0.0164745208 0.0000124187 0.0000021004 -0.0000009480 0.0000324753 -0.0000106117 0.0000148159
frame00037.jpg -742019.6404790619 -5462218.3404487530 3198014.7795201535 0.0000158533 0.0000048171 -0.0000018716 0.0000585708 -0.0000221286 0.0000220938 -0.1802406162 1.7781237364 0.0313203856 0.0164931677 0.0000123989 0.0000022578 -0.0000009133 0.0000330967 -0.0000109012 0.0000148024
frame00038.jpg -742019.1308069413 -5462217.9044335699 3198014.2907663318 0.0000182214 0.0000051418 -0.0000018732 0.0000639008 -0.0000241623 0.0000237006 -0.0947498381 1.8395141363 0.0331594311 0.0170904454 0.0000146411 0.0000028222 -0.0000008637 0.0000363985 -0.0000119433 0.0000162647
frame00039.jpg -742019.1428495690 -5462217.8934228960 3198014.2983278180 0.0000159378 0.0000049370 -0.0000019980 0.0000572096 -0.0000218608 0.0000222174 -0.0255644117 1.8115601540 0.0314648598 0.0161941536 0.0000124988 0.0000024899 -0.0000009160 0.0000324810 -0.0000107825 0.0000148496
frame00040.jpg -742019.1418642688 -5462217.8954845415 3198014.2998049967 0.0000158836 0.0000047942 -0.0000017684 0.0000580885 -0.0000221529 0.0000224913 -0.0157639701 1.8068718910 0.0313030519 0.0160918813 0.0000123301 0.0000024162 -0.0000007320 0.0000320908 -0.0000107279 0.0000148222
frame00041.jpg -742019.0990306953 -5462218.0580413667 3198014.3386587151 0.0000157677 0.0000047629 -0.0000017982 0.0000580140 -0.0000219818 0.0000220538 -0.0560041294 1.7996745110 0.0316208079 0.0162291583 0.0000125314 0.0000021314 -0.0000007686 0.0000331745 -0.0000108176 0.0000146343
frame00042.jpg -742019.0617751383 -5462218.2194100469 3198014.3250880176 0.0000157927 0.0000047894 -0.0000018254 0.0000574662 -0.0000218225 0.0000219686 0.0284810625 1.8623486757 0.0312066320 0.0160144959 0.0000122175 0.0000023675 -0.0000008043 0.0000319764 -0.0000107478 0.0000146785
frame00043.jpg -742019.1119914908 -5462218.2814284014 3198014.3682546499 0.0000157689 0.0000048793 -0.0000017587 0.0000570258 -0.0000217923 0.0000220593 0.0322508328 1.8215317726 0.0311627407 0.0160749312 0.0000123353 0.0000023816 -0.0000007640 0.0000320125 -0.0000106232 0.0000146553
frame00044.jpg -742019.1518467244 -5462218.4893678417 3198014.4410322150 0.0000157232 0.0000049026 -0.0000017711 0.0000572344 -0.0000218324 0.0000220579 0.0112581793 1.7933019400 0.0312288217 0.0160962828 0.0000122792 0.0000023233 -0.0000008207 0.0000320044 -0.0000106901 0.0000147683
frame00045.jpg -742019.5455842339 -5462218.7720021950 3198014.6461133729 0.0000159016 0.0000048965 -0.0000019076 0.0000583308 -0.0000221536 0.0000223581 -0.0115650138 1.8937835693 0.0315673798 0.0164102893 0.0000134109 0.0000032290 -0.0000006310 0.0000329997 -0.0000104670 0.0000149519
frame00046.jpg -742020.1744735213 -5462219.1693505067 3198014.9972833022 0.0000159160 0.0000047966 -0.0000018591 0.0000576825 -0.0000218452 0.0000220183 0.0097137736 1.9031202793 0.0313450620 0.0162753146 0.0000124767 0.0000021535 -0.0000008128 0.0000325191 -0.0000106388 0.0000146578
frame00047.jpg -742020.5068142200 -5462219.3210616531 3198015.4377593212 0.0000157300 0.0000049635 -0.0000019187 0.0000573679 -0.0000219550 0.0000221421 0.0181598645 1.8016430140 0.0312980749 0.0160551872 0.0000123477 0.0000024635 -0.0000008534 0.0000322102 -0.0000107245 0.0000146730
frame00048.jpg -742020.7077474346 -5462219.6876727790 3198015.5164494570 0.0000160695 0.0000050277 -0.0000019400 0.0000574317 -0.0000219591 0.0000222457 0.0209528077 1.8665922880 0.0312810317 0.0162174683 0.0000124351 0.0000024004 -0.0000009887 0.0000320885 -0.0000107289 0.0000148724
frame00049.jpg -742020.6840884887 -5462220.0451371362 3198015.7680202140 0.0000158498 0.0000049446 -0.0000018513 0.0000577771 -0.0000220073 0.0000221961 0.0069583100 1.7732940912 0.0312626995 0.0160706826 0.0000123139 0.0000023499 -0.0000008135 0.0000320856 -0.0000107059 0.0000147281
frame00050.jpg -742020.7466831948 -5462220.2105996497 3198016.0061624921 0.0000156835 0.0000048032 -0.0000017850 0.0000574295 -0.0000218341 0.0000219030 0.0160848387 1.9947792292 0.0313220397 0.0162319504 0.0000122245 0.0000022309 -0.0000008330 0.0000324041 -0.0000107001 0.0000145912
frame00051.jpg -742020.8637902897 -5462220.3084076652 3198015.9955618237 0.0000157078 0.0000048276 -0.0000018366 0.0000572173 -0.0000218613 0.0000221278 -0.0358068235 1.6118978262 0.0314570479 0.0162362549 0.0000124268 0.0000024375 -0.0000007595 0.0000326642 -0.0000106799 0.0000147115
frame00052.jpg -742020.9183756702 -5462220.4424675172 3198016.0825125631 0.0000158343 0.0000048072 -0.0000019351 0.0000574174 -0.0000218821 0.0000222199 -0.0650936961 1.6526886225 0.0314194001 0.0163676031 0.0000126495 0.0000023967 -0.0000008139 0.0000325953 -0.0000106302 0.0000148845
frame00053.jpg -742020.9527026014 -5462220.4923252845 3198016.1031470047 0.0000157295 0.0000049026 -0.0000017722 0.0000572316 -0.0000217913 0.0000219240 0.0027535525 1.5677295923 0.0313689038 0.0161965061 0.0000124705 0.0000023274 -0.0000007219 0.0000325628 -0.0000106336 0.0000146028
frame00054.jpg -742020.8823781941 -5462220.4592393450 3198015.9505676967 0.0000158406 0.0000049402 -0.0000018390 0.0000571298 -0.0000219058 0.0000223025 -0.0169533975 1.4541122913 0.0320203789 0.0165914390 0.0000125515 0.0000017651 -0.0000008794 0.0000343685 -0.0000108695 0.0000150005
frame00055.jpg -742020.5856477465 -5462220.4752013665 3198015.9403031566 0.0000157290 0.0000048098 -0.0000018994 0.0000572582 -0.0000217917 0.0000220611 0.0090546245 1.7128108740 0.0313042961 0.0161531866 0.0000124153 0.0000022886 -0.0000008366 0.0000323002 -0.0000106568 0.0000147230
frame00056.jpg -742020.1841356636 -5462220.5710187620 3198015.9308978678 0.0000157749 0.0000048877 -0.0000017184 0.0000574498 -0.0000219394 0.0000221676 -0.0333949737 1.7996838093 0.0312323291 0.0162197724 0.0000123221 0.0000022943 -0.0000008761 0.0000319724 -0.0000106200 0.0000148629
frame00057.jpg -742019.8016652085 -5462220.6196558010 3198015.8364732810 0.0000157952 0.0000048285 -0.0000018043 0.0000573628 -0.0000218331 0.0000219501 -0.0320190415 1.6578673124 0.0314108431 0.0161301997 0.0000123960 0.0000022746 -0.0000007717 0.0000324293 -0.0000107724 0.0000147605
frame00058.jpg -742019.3551118793 -5462220.8190811630 3198015.8126721098 0.0000159044 0.0000049343 -0.0000017965 0.0000573566 -0.0000218362 0.0000220883 -0.0391466469 1.7147840261 0.0317322314 0.0163193103 0.0000125723 0.0000020849 -0.0000007412 0.0000335136 -0.0000108060 0.0000147184
frame00059.jpg -742019.0406054228 -5462220.9381639101 3198015.9288730072 0.0000160022 0.0000048349 -0.0000018246 0.0000575790 -0.0000219521 0.0000222577 -0.0380175374 1.7669818401 0.0316137075 0.0164046902 0.0000125506 0.0000022271 -0.0000010000 0.0000328461 -0.0000108593 0.0000151058
frame00060.jpg -742018.6213419904 -5462220.9769348456 3198015.9346330590 0.0000157408 0.0000048064 -0.0000017859 0.0000575456 -0.0000218463 0.0000219632 -0.0822121501 1.7482848167 0.0314435810 0.0164156947 0.0000127463 0.0000022476 -0.0000010453 0.0000326429 -0.0000107049 0.0000149398
frame00061.jpg -742018.2555221335 -5462221.0087567745 3198015.9543575728 0.0000156856 0.0000048318 -0.0000018470 0.0000569997 -0.0000217728 0.0000220405 -0.0648319647 1.7324279547 0.0311546791 0.0160585660 0.0000122259 0.0000023424 -0.0000008599 0.0000317876 -0.0000106543 0.0000146937
frame00062.jpg -742017.9412006523 -5462221.2187548205 3198015.8341448032 0.0000157124 0.0000048336 -0.0000017902 0.0000573978 -0.0000218262 0.0000219230 -0.0377923846 1.7245446444 0.0313140191 0.0160816293 0.0000122282 0.0000022376 -0.0000008423 0.0000322422 -0.0000106995 0.0000146503
frame00063.jpg -742017.5756548765 -5462221.3346769912 3198015.7949497174 0.0000160403 0.0000048643 -0.0000020023 0.0000577160 -0.0000219602 0.0000223933 -0.0950059965 1.6661442518 0.0315063521 0.0164764374 0.0000124549 0.0000019928 -0.0000009126 0.0000330815 -0.0000106740 0.0000148669
frame00064.jpg -742017.0862632575 -5462221.4381457195 3198015.7782165976 0.0000158119 0.0000049041 -0.0000018465 0.0000568536 -0.0000217210 0.0000219703 -0.0291884057 1.7001237869 0.0315074883 0.0161586069 0.0000123145 0.0000021664 -0.0000007748 0.0000328143 -0.0000107668 0.0000146681
frame00065.jpg -742016.7001477189 -5462221.5277083050 3198015.7462827521 0.0000158058 0.0000047838 -0.0000018469 0.0000578244 -0.0000219268 0.0000221176 -0.0556341819 1.6734515429 0.0314549766 0.0163570531 0.0000124024 0.0000021266 -0.0000008089 0.0000328117 -0.0000106168 0.0000147868
frame00066.jpg -742016.1430242962 -5462221.4682347346 3198015.6054186830 0.0000158243 0.0000048019 -0.0000016715 0.0000574823 -0.0000216867 0.0000218524 -0.0372577794 1.7335098982 0.0311740637 0.0161541272 0.0000125343 0.0000023626 -0.0000008171 0.0000319125 -0.0000105430 0.0000147207
frame00067.jpg -742015.6677303355 -5462221.3510514423 3198015.4332665019 0.0000157187 0.0000049032 -0.0000017868 0.0000573697 -0.0000218201 0.0000219399 -0.1205238849 1.6934230328 0.0312622339 0.0162720401 0.0000123152 0.0000021534 -0.0000007490 0.0000325914 -0.0000106462 0.0000146100
frame00068.jpg -742015.1568592074 -5462221.4137197025 3198015.3538533505 0.0000157825 0.0000047876 -0.0000016771 0.0000575861 -0.0000218786 0.0000220586 -0.0893899649 1.7120139599 0.0313035883 0.0162101835 0.0000123428 0.0000021974 -0.0000007208 0.0000324015 -0.0000106838 0.0000147179
frame00069.jpg -742014.6957161087 -5462221.5036957078 3198015.3396326066 0.0000157882 0.0000047867 -0.0000017677 0.0000574653 -0.0000217565 0.0000219393 -0.0168424491 1.7679471970 0.0314566307 0.0161841288 0.0000123274 0.0000021709 -0.0000007330 0.0000327895 -0.0000106764 0.0000146135
frame00070.jpg -742014.1467529624 -5462221.5288539277 3198015.3645388512 0.0000158909 0.0000045435 -0.0000017050 0.0000582166 -0.0000219136 0.0000221507 -0.0218737982 1.7340059280 0.0313163698 0.0162372850 0.0000125113 0.0000022641 -0.0000008541 0.0000323417 -0.0000105835 0.0000147454
frame00071.jpg -742014.0030033275 -5462221.4316531923 3198015.3531602439 0.0000139032 0.0000043156 -0.0000036652 0.0000551556 -0.0000219080 0.0000205016 -0.0351937748 1.7501415014 0.0314832032 0.0163061135 0.0000125060 0.0000022881 -0.0000007413 0.0000328071 -0.0000106453 0.0000147839
frame00072.jpg -742014.3475744219 -5462221.3592361948 3198015.4270921401 0.0000137331 0.0000045438 -0.0000035264 0.0000531845 -0.0000216150 0.0000203159 0.0006140826 1.6774586439 0.0311606918 0.0160592347 0.0000123655 0.0000023575 -0.0000007738 0.0000318859 -0.0000105997 0.0000146545
frame00073.jpg -742014.6897335523 -5462221.3617283432 3198015.4340406884 0.0000138491 0.0000045082 -0.0000036274 0.0000534524 -0.0000218820 0.0000205796 0.0150159141 1.7290437222 0.0311755110 0.0160702895 0.0000124044 0.0000023865 -0.0000007648 0.0000319689 -0.0000106079 0.0000146687
frame00074.jpg -742015.1725990499 -5462221.3482375769 3198015.4827802856 0.0000161132 0.0000051006 -0.0000018938 0.0000580562 -0.0000221235 0.0000225842 0.0340611301 1.7570670843 0.0313248336 0.0161929931 0.0000125903 0.0000024684 -0.0000007800 0.0000323592 -0.0000107053 0.0000148466
frame00075.jpg -742015.5181430876 -5462221.2471231213 3198015.5351205585 0.0000141752 0.0000044403 -0.0000038875 0.0000542724 -0.0000219839 0.0000208961 -0.0009123276 1.7082787752 0.0311696939 0.0161573719 0.0000122778 0.0000022183 -0.0000009140 0.0000318791 -0.0000105991 0.0000147955
frame00076.jpg -742015.7005167716 -5462221.0620107558 3198015.8436019085 0.0000140299 0.0000046333 -0.0000038436 0.0000532329 -0.0000217739 0.0000206275 0.0026834030 1.7353597879 0.0313172713 0.0163176470 0.0000125637 0.0000021743 -0.0000009431 0.0000324172 -0.0000105598 0.0000147997
frame00077.jpg -742015.7575543689 -5462220.8419275871 3198016.1625449746 0.0000139777 0.0000045281 -0.0000036043 0.0000538342 -0.0000217955 0.0000204870 -0.0311779454 1.7000993490 0.0316615552 0.0162979551 0.0000123879 0.0000019449 -0.0000006946 0.0000334584 -0.0000107257 0.0000146128
frame00078.jpg -742015.7625112601 -5462220.8194446275 3198016.1681868727 0.0000136229 0.0000045664 -0.0000035553 0.0000525339 -0.0000215355 0.0000202492 -0.0465358160 1.4885791540 0.0313119367 0.0161713958 0.0000123149 0.0000022329 -0.0000006977 0.0000323436 -0.0000106654 0.0000145481
frame00079.jpg -742015.7681645758 -5462220.8360580886 3198016.2475579167 0.0000137163 0.0000044846 -0.0000036122 0.0000531517 -0.0000215981 0.0000203183 0.0996142775 1.0954539776 0.0314624608 0.0169324297 0.0000127596 0.0000019187 -0.0000009491 0.0000335546 -0.0000107184 0.0000149378
frame00080.jpg -742015.7827069983 -5462220.9010093799 3198016.2421067241 0.0000136268 0.0000044742 -0.0000035400 0.0000531993 -0.0000216236 0.0000203210 0.0980273038 1.0622723103 0.0309286565 0.0167643838 0.0000122315 0.0000022842 -0.0000007980 0.0000319014 -0.0000106517 0.0000145916
frame00081.jpg -742015.7947757704 -5462220.9603300653 3198016.2238111477 0.0000136594 0.0000044997 -0.0000035306 0.0000528509 -0.0000215897 0.0000203390 0.0190232750 1.4921417236 0.0312162638 0.0162267964 0.0000123444 0.0000022002 -0.0000007608 0.0000322073 -0.0000105850 0.0000146490
frame00082.jpg -742015.8804165151 -5462220.9395956388 3198016.3324920544 0.0000151944 0.0000039788 -0.0000024457 0.0000591641 -0.0000222871 0.0000213048 0.0304560214 2.1647212505 0.0311354492 0.0164327715 0.0000124544 0.0000022252 -0.0000007310 0.0000321112 -0.0000105405 0.0000144948
frame00083.jpg -742015.9695814600 -5462220.9437775183 3198016.3202949036 0.0000136362 0.0000044779 -0.0000035118 0.0000543020 -0.0000221022 0.0000205379 0.0532657541 2.4125306606 0.0311036874 0.0167951509 0.0000122209 0.0000022651 -0.0000008017 0.0000319778 -0.0000106520 0.0000146367
frame00084.jpg -742016.0339912729 -5462220.9602768365 3198016.3217318514 0.0000136209 0.0000046343 -0.0000035987 0.0000531112 -0.0000218012 0.0000203902 0.0233865865 2.4660146236 0.0312878229 0.0169408564 0.0000122415 0.0000022023 -0.0000007909 0.0000324189 -0.0000106503 0.0000145466
frame00085.jpg -742015.8999695509 -5462220.8902651900 3198016.2877237475 0.0000151222 0.0000045033 -0.0000027005 0.0000557981 -0.0000218553 0.0000214992 0.0645259321 2.0543305874 0.0310947560 0.0164226480 0.0000126692 0.0000023875 -0.0000008074 0.0000321133 -0.0000105401 0.0000147166
frame00086.jpg -742015.9215147388 -5462220.9596622530 3198016.2802342610 0.0000157365 0.0000046083 -0.0000015404 0.0000575482 -0.0000218892 0.0000221461 -0.0371679477 1.5132836103 0.0314002484 0.0162852686 0.0000124127 0.0000021681 -0.0000006602 0.0000325809 -0.0000106704 0.0000147093
frame00087.jpg -742015.8002707445 -5462220.5927358810 3198016.1047844291 0.0000156361 0.0000045478 -0.0000016435 0.0000580736 -0.0000220188 0.0000220666 -0.0307741240 1.4872518778 0.0313473679 0.0162468273 0.0000122931 0.0000022182 -0.0000007703 0.0000322874 -0.0000107211 0.0000147979
frame00088.jpg -742015.7013153470 -5462220.1913272925 3198016.1002441812 0.0000136798 0.0000045488 -0.0000035526 0.0000526973 -0.0000216392 0.0000203924 0.0105339857 1.4972969294 0.0313785486 0.0162529349 0.0000123157 0.0000020970 -0.0000007161 0.0000325419 -0.0000107168 0.0000147497
frame00089.jpg -742015.4633906975 -5462220.1052277964 3198016.1414662064 0.0000137062 0.0000045495 -0.0000035455 0.0000530291 -0.0000218619 0.0000206010 -0.0249442458 1.4296569824 0.0313210711 0.0162474420 0.0000121549 0.0000022809 -0.0000007220 0.0000321281 -0.0000107793 0.0000147993
frame00090.jpg -742015.0271597311 -5462219.9748437991 3198016.1663706205 0.0000141377 0.0000045825 -0.0000038795 0.0000540795 -0.0000220024 0.0000208570 -0.0568776056 1.5033214092 0.0314348303 0.0164716113 0.0000131353 0.0000023509 -0.0000009529 0.0000326248 -0.0000105981 0.0000149274
frame00091.jpg -742014.6229131568 -5462220.1326799188 3198016.1787845716 0.0000136144 0.0000044163 -0.0000034811 0.0000532882 -0.0000216950 0.0000203210 -0.0097332792 1.4954442978 0.0312671363 0.0161557216 0.0000122100 0.0000022157 -0.0000007155 0.0000321898 -0.0000106644 0.0000146203
frame00092.jpg -742014.2609066328 -5462220.1200352255 3198016.3519863659 0.0000136980 0.0000045863 -0.0000035038 0.0000529098 -0.0000215955 0.0000202550 -0.0149162132 1.4103673697 0.0313240699 0.0162796937 0.0000123514 0.0000022219 -0.0000007389 0.0000323238 -0.0000106792 0.0000146652
frame00093.jpg -742013.9123438390 -5462220.2125738971 3198016.2313425825 0.0000138158 0.0000046045 -0.0000036742 0.0000530988 -0.0000217807 0.0000204708 -0.0240941402 1.3448212147 0.0312954336 0.0163202044 0.0000122599 0.0000021443 -0.0000007674 0.0000323086 -0.0000106352 0.0000146106
frame00094.jpg -742013.4184064118 -5462220.2716651307 3198016.2670259359 0.0000137668 0.0000045505 -0.0000035740 0.0000533806 -0.0000217882 0.0000204456 0.0356006213 1.3410885334 0.0312864482 0.0163291153 0.0000121993 0.0000021093 -0.0000007639 0.0000323782 -0.0000107248 0.0000147035
frame00095.jpg -742013.0661810297 -5462220.3085953137 3198016.2627296224 0.0000136728 0.0000045182 -0.0000035247 0.0000535242 -0.0000216653 0.0000202472 -0.0187568571 1.3408825397 0.0313798971 0.0163246542 0.0000122399 0.0000021522 -0.0000007600 0.0000324456 -0.0000107365 0.0000146776
frame00096.jpg -742012.1515181364 -5462220.3626687285 3198016.2872452154 0.0000141803 0.0000048243 -0.0000038691 0.0000535587 -0.0000219490 0.0000207123 -0.0212568436 1.3453940153 0.0312853456 0.0163222961 0.0000124451 0.0000022817 -0.0000008476 0.0000321686 -0.0000106646 0.0000146726
frame00097.jpg -742011.8169387056 -5462220.4376852419 3198016.2228662157 0.0000136899 0.0000043478 -0.0000035617 0.0000536252 -0.0000215822 0.0000202355 -0.0267383140 1.3673247099 0.0313698798 0.0164222009 0.0000124673 0.0000019323 -0.0000007062 0.0000327430 -0.0000105286 0.0000145976
frame00098.jpg -742011.4278248257 -5462220.5989083229 3198015.9834882868 0.0000138645 0.0000044172 -0.0000034529 0.0000543598 -0.0000219308 0.0000205939 -0.0607943796 1.3625869751 0.0313831829 0.0164281558 0.0000123446 0.0000019989 -0.0000007335 0.0000327372 -0.0000105821 0.0000146238
frame00099.jpg -742011.2309483300 -5462220.7421161886 3198015.7762659816 0.0000158565 0.0000047901 -0.0000016919 0.0000572283 -0.0000216827 0.0000217852 0.0449551940 1.8376969099 0.0313252099 0.0163020156 0.0000126425 0.0000020944 -0.0000008081 0.0000327026 -0.0000106227 0.0000146467
frame00100.jpg -742011.3819533068 -5462220.7790437546 3198015.8489276562 0.0000138264 0.0000042501 -0.0000035563 0.0000545315 -0.0000217991 0.0000204273 0.0279590748 2.4089379311 0.0311929025 0.0168933477 0.0000123639 0.0000022023 -0.0000007646 0.0000321879 -0.0000105788 0.0000146454
frame00101.jpg -742011.4199672448 -5462220.8018359374 3198015.8556109094 0.0000138429 0.0000045223 -0.0000035652 0.0000536872 -0.0000217715 0.0000203746 0.0402643606 2.9081766605 0.0310700703 0.0176422019 0.0000123447 0.0000022526 -0.0000007793 0.0000318330 -0.0000106006 0.0000146320
frame00102.jpg -742011.4011102122 -5462220.7933075856 3198015.9538993509 0.0000149803 0.0000045284 -0.0000024786 0.0000558616 -0.0000217163 0.0000211017 -0.0555478893 3.6078183651 0.0313108638 0.0177112706 0.0000123411 0.0000023075 -0.0000008170 0.0000322149 -0.0000107286 0.0000146316
frame00103.jpg -742011.3277388881 -5462220.6877658749 3198016.0247566560 0.0000159729 0.0000046279 -0.0000017501 0.0000584220 -0.0000219283 0.0000220271 -0.1039471328 3.5653972626 0.0312639475 0.0177752189 0.0000122741 0.0000021938 -0.0000008110 0.0000323507 -0.0000107017 0.0000146772
frame00104.jpg -742011.3218106970 -5462220.7201454295 3198016.1753928382 0.0000159197 0.0000044752 -0.0000016160 0.0000584659 -0.0000219831 0.0000220374 -0.0261852629 4.0276293755 0.0313713998 0.0170414709 0.0000122774 0.0000021944 -0.0000007797 0.0000323712 -0.0000107535 0.0000146911
frame00105.jpg -742011.4008003369 -5462220.7031543385 3198016.0751962350 0.0000138039 0.0000045060 -0.0000035158 0.0000535012 -0.0000215711 0.0000202394 0.0417269021 4.7468318939 0.0311154518 0.0161343869 0.0000122908 0.0000022993 -0.0000007010 0.0000320138 -0.0000105802 0.0000146385
frame00106.jpg -742011.3891952614 -5462220.7850999776 3198016.0848773513 0.0000137533 0.0000046359 -0.0000036171 0.0000528943 -0.0000216102 0.0000203735 0.1503769010 4.9755020142 0.0306028854 0.0164024346 0.0000123225 0.0000022761 -0.0000008811 0.0000317436 -0.0000105062 0.0000147904
frame00107.jpg -742011.2972348485 -5462220.7499441672 3198016.1123381453 0.0000137822 0.0000045200 -0.0000033511 0.0000534705 -0.0000218173 0.0000204203 0.0328049324 5.1394829750 0.0311827343 0.0160849988 0.0000122254 0.0000023612 -0.0000007623 0.0000320150 -0.0000107057 0.0000145886
frame00108.jpg -742011.3577544210 -5462220.7269268027 3198016.0155820339 0.0000141909 0.0000047469 -0.0000035761 0.0000545599 -0.0000218302 0.0000204718 0.0499229357 5.1287751198 0.0312601402 0.0162767824 0.0000128933 0.0000025410 -0.0000007319 0.0000323791 -0.0000106326 0.0000147184
frame00109.jpg -742011.3305207405 -5462220.7529124292 3198016.0369691644 0.0000136935 0.0000043864 -0.0000034076 0.0000531623 -0.0000215631 0.0000201734 0.0254643913 4.8175363541 0.0312220957 0.0161897764 0.0000124607 0.0000022332 -0.0000007417 0.0000321477 -0.0000106296 0.0000148013
frame00110.jpg -742011.2678083463 -5462220.7601012355 3198016.0790552162 0.0000136675 0.0000045548 -0.0000034868 0.0000525777 -0.0000215058 0.0000201935 -0.0011252760 4.4033856392 0.0311687589 0.0164883249 0.0000124122 0.0000022062 -0.0000009662 0.0000318910 -0.0000105531 0.0000148847
frame00111.jpg -742011.1783720588 -5462220.6746499082 3198016.1127787568 0.0000137880 0.0000043419 -0.0000036000 0.0000541805 -0.0000218526 0.0000205539 -0.0061148498 3.4748048782 0.0316809639 0.0178850610 0.0000124868 0.0000017435 -0.0000008123 0.0000335755 -0.0000106699 0.0000148448
frame00112.jpg -742010.7779379733 -5462220.9214590928 3198016.0006749537 0.0000137085 0.0000044850 -0.0000035673 0.0000529555 -0.0000216070 0.0000203705 0.0351439044 3.5292599201 0.0312385149 0.0180026870 0.0000126979 0.0000023216 -0.0000008522 0.0000321160 -0.0000107099 0.0000148161
frame00113.jpg -742010.3046829086 -5462221.0168445464 3198015.8820947949 0.0000136770 0.0000042060 -0.0000034718 0.0000543233 -0.0000217172 0.0000203085 -0.0032535109 3.5725517273 0.0311839413 0.0177239478 0.0000123959 0.0000021335 -0.0000008677 0.0000320674 -0.0000105249 0.0000146996
frame00114.jpg -742009.9236919885 -5462221.1779361917 3198015.6956465053 0.0000136048 0.0000043433 -0.0000034980 0.0000528747 -0.0000214713 0.0000201646 0.0053200335 3.6764872074 0.0313749835 0.0175583754 0.0000126979 0.0000020746 -0.0000013782 0.0000323821 -0.0000105704 0.0000153042
frame00115.jpg -742009.5454479298 -5462221.3052817220 3198015.5227195858 0.0000138005 0.0000038186 -0.0000034967 0.0000566279 -0.0000220317 0.0000204181 0.0199051034 3.6438219547 0.0317737125 0.0176780522 0.0000127934 0.0000016200 -0.0000012402 0.0000338705 -0.0000106157 0.0000152477
frame00116.jpg -742009.1251020065 -5462221.4159683362 3198015.4248773782 0.0000156971 0.0000044623 -0.0000015721 0.0000580943 -0.0000218125 0.0000218615 -0.0001328725 4.0263056755 0.0312055144 0.0170766320 0.0000123102 0.0000021020 -0.0000007679 0.0000321319 -0.0000105585 0.0000147034
frame00117.jpg -742008.8182784206 -5462221.4930429468 3198015.2756179245 0.0000137283 0.0000043889 -0.0000034895 0.0000536740 -0.0000218160 0.0000204726 -0.0638674200 4.0725173950 0.0311453920 0.0170250870 0.0000123051 0.0000022233 -0.0000007417 0.0000319070 -0.0000105916 0.0000146105
frame00118.jpg -742008.5328789433 -5462221.6566887433 3198015.0227284213 0.0000137509 0.0000045140 -0.0000036732 0.0000525532 -0.0000215576 0.0000204119 -0.0363683514 4.0052962303 0.0312684886 0.0171643272 0.0000125807 0.0000019605 -0.0000009228 0.0000322992 -0.0000104989 0.0000148996
frame00119.jpg -742008.3487491286 -5462221.9839387499 3198014.7135783411 0.0000159548 0.0000043330 -0.0000015739 0.0000592437 -0.0000221004 0.0000221932 -0.0558049642 4.0576405525 0.0312581360 0.0169959310 0.0000122481 0.0000021628 -0.0000007750 0.0000322251 -0.0000106223 0.0000146096
frame00120.jpg -742008.3238879493 -5462222.0998146823 3198014.4470363343 0.0000138123 0.0000044027 -0.0000036019 0.0000533044 -0.0000217191 0.0000204418 0.0156972390 4.4668703079 0.0312097687 0.0163706765 0.0000123378 0.0000021237 -0.0000008381 0.0000321851 -0.0000105702 0.0000146793
frame00121.jpg -742008.4119533299 -5462222.1152793588 3198013.9412133936 0.0000137667 0.0000045030 -0.0000034912 0.0000539132 -0.0000217951 0.0000203488 0.0222586151 4.7584481239 0.0311417561 0.0161213651 0.0000122313 0.0000022967 -0.0000006408 0.0000318949 -0.0000106284 0.0000147384
frame00122.jpg -742008.3583993401 -5462222.2833430972 3198013.6520620841 0.0000160124 0.0000048184 -0.0000018416 0.0000576353 -0.0000219427 0.0000223103 0.0021274849 4.7486701012 0.0312548131 0.0161164925 0.0000121534 0.0000021409 -0.0000006828 0.0000321668 -0.0000106769 0.0000147003
frame00123.jpg -742008.4664784751 -5462222.5962536456 3198013.3420979427 0.0000159830 0.0000046514 -0.0000017291 0.0000586063 -0.0000219516 0.0000220454 -0.0538153239 4.6997971535 0.0312766470 0.0162832029 0.0000124407 0.0000021521 -0.0000009212 0.0000322601 -0.0000105691 0.0000147793
frame00124.jpg -742008.5964864794 -5462222.6758757243 3198013.0285952007 0.0000158949 0.0000045050 -0.0000017619 0.0000588838 -0.0000219882 0.0000220610 0.0078332033 4.6750531197 0.0312858820 0.0163841341 0.0000122665 0.0000021054 -0.0000006859 0.0000323181 -0.0000105906 0.0000149298
frame00125.jpg -742008.6435221042 -5462222.7259149710 3198012.8475148487 0.0000137725 0.0000043937 -0.0000035026 0.0000542976 -0.0000218039 0.0000203959 0.0118458243 4.7183251381 0.0313029587 0.0162984636 0.0000123476 0.0000021908 -0.0000006329 0.0000323267 -0.0000106474 0.0000148741
frame00126.jpg -742008.6820332287 -5462222.7814885490 3198012.8563623531 0.0000136279 0.0000043730 -0.0000035011 0.0000531590 -0.0000215455 0.0000202453 0.0077070063 5.1122803688 0.0311293416 0.0161615759 0.0000121969 0.0000022109 -0.0000007599 0.0000318865 -0.0000105826 0.0000146211
frame00127.jpg -742008.7321162388 -5462223.0768311452 3198013.0470093428 0.0000136199 0.0000043556 -0.0000033972 0.0000541484 -0.0000219978 0.0000204164 0.0655747652 5.0411367416 0.0313323028 0.0161343627 0.0000122517 0.0000021621 -0.0000006418 0.0000327830 -0.0000107748 0.0000145398
frame00128.jpg -742008.7461529404 -5462223.5172644751 3198013.2231849483 0.0000158372 0.0000037385 -0.0000015627 0.0000630489 -0.0000227982 0.0000222729 -0.0040002414 5.0724606514 0.0314388126 0.0165122263 0.0000124218 0.0000020226 -0.0000006983 0.0000329714 -0.0000104988 0.0000147317
frame00129.jpg -742008.7538303351 -5462223.6706106067 3198013.3412627475 0.0000138109 0.0000041687 -0.0000035246 0.0000544209 -0.0000216919 0.0000204115 0.0280106328 5.1490526199 0.0312553570 0.0166230891 0.0000124213 0.0000019128 -0.0000007713 0.0000326623 -0.0000104031 0.0000146830
frame00130.jpg -742008.7641362649 -5462223.7852498125 3198013.4169383007 0.0000138060 0.0000043922 -0.0000035702 0.0000527064 -0.0000216215 0.0000204431 -0.0171697680 5.1027698517 0.0311442222 0.0163154975 0.0000123933 0.0000021834 -0.0000008106 0.0000318465 -0.0000105417 0.0000148107
frame00131.jpg -742008.7345299253 -5462223.7843840150 3198013.4366775383 0.0000135705 0.0000043595 -0.0000034028 0.0000536806 -0.0000216629 0.0000202095 -0.0176216643 5.1078243256 0.0311714225 0.0162834562 0.0000123148 0.0000021831 -0.0000008286 0.0000319699 -0.0000105454 0.0000146907
frame00132.jpg -742008.7880532719 -5462223.8627144536 3198013.3974425588 0.0000138504 0.0000043469 -0.0000035311 0.0000541339 -0.0000219025 0.0000206273 0.0747262090 5.0310440063 0.0310487263 0.0161799416 0.0000123532 0.0000021616 -0.0000007150 0.0000321108 -0.0000106034 0.0000146124
frame00133.jpg -742008.7945918723 -5462223.9953822205 3198013.4459785526 0.0000135970 0.0000043584 -0.0000034856 0.0000534571 -0.0000217864 0.0000203619 -0.0471730903 4.5834650993 0.0313129164 0.0162529778 0.0000122997 0.0000022584 -0.0000008040 0.0000321858 -0.0000107203 0.0000147602
frame00134.jpg -742008.7652168330 -5462223.9344170829 3198013.3804890728 0.0000135574 0.0000045022 -0.0000034068 0.0000532344 -0.0000217292 0.0000202726 -0.0446979553 4.5765676498 0.0312601775 0.0162265114 0.0000122724 0.0000024449 -0.0000007613 0.0000320085 -0.0000107086 0.0000146820
frame00135.jpg -742008.7796608256 -5462223.8486768845 3198013.3262155652 0.0000138739 0.0000043297 -0.0000036248 0.0000541582 -0.0000218562 0.0000205116 -0.0244321954 4.5394778252 0.0313444436 0.0163438115 0.0000123903 0.0000021307 -0.0000007825 0.0000323980 -0.0000106539 0.0000147450
frame00136.jpg -742008.7942114255 -5462223.8273504553 3198013.3055230160 0.0000138132 0.0000043700 -0.0000035322 0.0000537416 -0.0000215987 0.0000202999 -0.0329901017 4.7255463600 0.0310897771 0.0161892604 0.0000123729 0.0000023544 -0.0000005719 0.0000318113 -0.0000104618 0.0000146265
frame00137.jpg -742008.8104063066 -5462223.8098350717 3198013.2727139816 0.0000137652 0.0000046358 -0.0000034884 0.0000535282 -0.0000217236 0.0000202522 -0.0411904976 5.3088655472 0.0312196966 0.0163282901 0.0000122412 0.0000022771 -0.0000006652 0.0000321321 -0.0000105893 0.0000145185
frame00138.jpg -742008.8253487609 -5462223.7758171381 3198013.2281993018 0.0000149399 0.0000043866 -0.0000022496 0.0000562508 -0.0000217512 0.0000212119 0.0082724206 5.8354091644 0.0312184915 0.0173791591 0.0000123253 0.0000021548 -0.0000007884 0.0000321663 -0.0000105970 0.0000146298
frame00139.jpg -742008.3881644567 -5462223.8355528265 3198013.2147295647 0.0000139076 0.0000043473 -0.0000036306 0.0000548328 -0.0000218607 0.0000204888 0.0249570236 5.9254927635 0.0313282870 0.0175722204 0.0000123889 0.0000021202 -0.0000007202 0.0000326432 -0.0000105936 0.0000145881
frame00140.jpg -742008.0653878152 -5462223.9324295549 3198013.1636909908 0.0000139540 0.0000043969 -0.0000034891 0.0000540708 -0.0000217224 0.0000204372 -0.0050625931 5.9084682465 0.0312226117 0.0174850728 0.0000123180 0.0000021321 -0.0000007441 0.0000322480 -0.0000105304 0.0000145702
frame00141.jpg -742007.7510931027 -5462224.0257385168 3198013.1488915370 0.0000137935 0.0000041473 -0.0000034325 0.0000544838 -0.0000218020 0.0000203854 -0.0003538641 5.9333949089 0.0310766455 0.0173015930 0.0000121327 0.0000021905 -0.0000006431 0.0000318057 -0.0000105469 0.0000144761
frame00142.jpg -742007.2871276642 -5462224.1382709211 3198013.1133108088 0.0000135970 0.0000043865 -0.0000034364 0.0000527466 -0.0000216075 0.0000202986 0.0204981025 5.9225840569 0.0312862471 0.0173823424 0.0000122017 0.0000022327 -0.0000007360 0.0000323021 -0.0000106894 0.0000146933
frame00143.jpg -742007.2686758083 -5462224.1338917548 3198013.1018234459 0.0000158052 0.0000047068 -0.0000015984 0.0000578793 -0.0000218544 0.0000219456 -0.0450896621 5.4576015472 0.0311438497 0.0166363195 0.0000124219 0.0000023969 -0.0000007846 0.0000317888 -0.0000105780 0.0000146936
frame00144.jpg -742007.3070012387 -5462223.7332084710 3198013.3471433851 0.0000140429 0.0000048422 -0.0000035251 0.0000532414 -0.0000218274 0.0000204678 0.0171301439 5.1644396782 0.0311252456 0.0160944201 0.0000122930 0.0000023379 -0.0000005970 0.0000319285 -0.0000105774 0.0000145694
frame00145.jpg -742007.7678678184 -5462223.5948800603 3198013.4391105901 0.0000138936 0.0000041958 -0.0000035461 0.0000544991 -0.0000216461 0.0000202949 0.0169130825 5.1719360352 0.0310950410 0.0163568780 0.0000125469 0.0000022502 -0.0000008030 0.0000318759 -0.0000104914 0.0000146881
frame00146.jpg -742008.0594464322 -5462223.4981836686 3198013.5873077540 0.0000136684 0.0000044150 -0.0000035448 0.0000537636 -0.0000218451 0.0000203912 0.0533074550 5.1399202347 0.0311581790 0.0161653217 0.0000123095 0.0000022529 -0.0000006708 0.0000322660 -0.0000106179 0.0000145009
frame00147.jpg -742008.3772877875 -5462223.4686470097 3198013.5639447896 0.0000135638 0.0000043076 -0.0000033508 0.0000528431 -0.0000214111 0.0000201315 -0.0092145102 5.1459393501 0.0311369076 0.0162078347 0.0000122536 0.0000022285 -0.0000007241 0.0000319191 -0.0000105356 0.0000146081
frame00148.jpg -742008.8268225042 -5462223.2609155411 3198013.8029805389 0.0000136366 0.0000044284 -0.0000034259 0.0000534650 -0.0000217341 0.0000202308 0.0102636116 5.1913409233 0.0311601739 0.0160290692 0.0000122199 0.0000023661 -0.0000006501 0.0000319056 -0.0000106728 0.0000145058
frame00149.jpg -742009.1838271262 -5462223.0525729610 3198014.0151087241 0.0000137661 0.0000044011 -0.0000033872 0.0000535595 -0.0000216788 0.0000202790 -0.0086219134 5.1862750053 0.0310203619 0.0160860848 0.0000122582 0.0000022449 -0.0000005868 0.0000316751 -0.0000104832 0.0000144583
frame00150.jpg -742009.4897089553 -5462222.9628556119 3198014.2519125822 0.0000137562 0.0000044001 -0.0000035637 0.0000537825 -0.0000218521 0.0000204331 -0.0124516776 5.1997399330 0.0311724581 0.0162324011 0.0000121924 0.0000022155 -0.0000007366 0.0000319608 -0.0000105965 0.0000146010
frame00151.jpg -742010.2018463685 -5462222.7106959214 3198014.5842754059 0.0000137131 0.0000042058 -0.0000034351 0.0000545006 -0.0000216716 0.0000202133 -0.0604811572 5.1799840927 0.0311792176 0.0164928287 0.0000124685 0.0000021664 -0.0000008342 0.0000320885 -0.0000104848 0.0000147281
frame00152.jpg -742010.6682107480 -5462222.5115234405 3198014.7896048296 0.0000139616 0.0000044668 -0.0000037450 0.0000530758 -0.0000216313 0.0000204445 0.0011302776 5.1649904251 0.0310568735 0.0162959490 0.0000123267 0.0000022813 -0.0000009184 0.0000316128 -0.0000105307 0.0000147077
frame00153.jpg -742011.0587296787 -5462222.0259781852 3198014.6932363478 0.0000137801 0.0000043538 -0.0000034792 0.0000537532 -0.0000217925 0.0000204942 -0.0173019487 5.2203025818 0.0312229749 0.0163070075 0.0000124938 0.0000023117 -0.0000006979 0.0000320713 -0.0000105915 0.0000146750
frame00154.jpg -742011.4702633036 -5462221.8478672523 3198014.8618927696 0.0000137114 0.0000041345 -0.0000034453 0.0000544971 -0.0000217364 0.0000202808 0.0294112042 5.1835827827 0.0310974177 0.0161977801 0.0000122216 0.0000021701 -0.0000006503 0.0000320331 -0.0000105279 0.0000144811
frame00155.jpg -742011.9118842158 -5462221.6596283307 3198014.9709293796 0.0000135170 0.0000045045 -0.0000034189 0.0000536287 -0.0000218706 0.0000202625 0.0095250485 5.1267800331 0.0313559845 0.0161479656 0.0000123166 0.0000023337 -0.0000007034 0.0000324749 -0.0000107059 0.0000145759
frame00156.jpg -742012.3178577912 -5462221.5619078409 3198014.9839184657 0.0000138097 0.0000044263 -0.0000035001 0.0000535352 -0.0000218765 0.0000205003 -0.0286639780 5.1324882507 0.0311866421 0.0161509961 0.0000123483 0.0000023301 -0.0000007271 0.0000319309 -0.0000106087 0.0000146345
frame00157.jpg -742012.3490687105 -5462221.6069887467 3198015.0693474081 0.0000138081 0.0000042352 -0.0000034169 0.0000536283 -0.0000217545 0.0000203687 -0.0401030593 5.3984727859 0.0311463885 0.0165101029 0.0000124629 0.0000022218 -0.0000005871 0.0000318523 -0.0000105890 0.0000147064
frame00158.jpg -742012.3683845527 -5462221.6404068898 3198015.0545581360 0.0000138688 0.0000045122 -0.0000035674 0.0000528377 -0.0000215434 0.0000203353 -0.0133950096 6.2773199081 0.0310599748 0.0179063641 0.0000124486 0.0000022505 -0.0000008587 0.0000316466 -0.0000104866 0.0000147294
frame00159.jpg -742012.4663621942 -5462221.5250197211 3198015.0406340924 0.0000138620 0.0000044281 -0.0000035856 0.0000533621 -0.0000216442 0.0000203985 -0.0302744284 0.1959088594 0.0315389931 0.0178448167 0.0000123035 0.0000019510 -0.0000008854 0.0000329209 -0.0000107333 0.0000148888
frame00160.jpg -742012.3897784224 -5462221.5466428688 3198015.1552527989 0.0000139852 0.0000044138 -0.0000037579 0.0000534416 -0.0000216880 0.0000205204 -0.0574664399 0.1024309695 0.0313165076 0.0178900436 0.0000123104 0.0000020543 -0.0000008657 0.0000324277 -0.0000106041 0.0000146857
frame00161.jpg -742012.4261903187 -5462221.4906346379 3198015.0901114987 0.0000137454 0.0000042468 -0.0000034464 0.0000536690 -0.0000215712 0.0000202465 -0.0479777344 6.1147284508 0.0312141776 0.0176997501 0.0000122811 0.0000022135 -0.0000007663 0.0000321264 -0.0000105551 0.0000146268
frame00162.jpg -742012.3884004379 -5462221.4093212159 3198015.0178659009 0.0000156439 0.0000043470 -0.0000015132 0.0000583529 -0.0000217783 0.0000218221 0.0044208346 6.0678477287 0.0310498364 0.0175205059 0.0000122609 0.0000022998 -0.0000005718 0.0000317398 -0.0000105171 0.0000145037
frame00163.jpg -742012.4562507810 -5462221.4119897457 3198015.0079860045 0.0000156337 0.0000043564 -0.0000015821 0.0000583559 -0.0000218839 0.0000219882 0.0219076835 1.0326824188 0.0313027762 0.0168486536 0.0000122263 0.0000021839 -0.0000007319 0.0000323058 -0.0000107210 0.0000147916
frame00164.jpg -742012.4420524727 -5462221.4218983306 3198014.9433209095 0.0000156416 0.0000041713 -0.0000015052 0.0000588861 -0.0000219429 0.0000219792 0.0424463004 2.0166754723 0.0311988834 0.0162797682 0.0000121307 0.0000020112 -0.0000006567 0.0000323881 -0.0000106006 0.0000145441
frame00165.jpg -742012.5083337233 -5462221.4169079121 3198015.0569204106 0.0000155903 0.0000043609 -0.0000015502 0.0000583479 -0.0000218762 0.0000219162 0.0804625452 2.8263893127 0.0313051119 0.0176787619 0.0000122709 0.0000020380 -0.0000008023 0.0000329206 -0.0000106877 0.0000146655
frame00166.jpg -742012.5060983392 -5462221.4638384636 3198015.0379912085 0.0000158654 0.0000046471 -0.0000015162 0.0000589190 -0.0000220296 0.0000220315 0.0965234190 3.5289788246 0.0309770554 0.0177332535 0.0000121095 0.0000021767 -0.0000006678 0.0000321075 -0.0000106741 0.0000144732
frame00167.jpg -742012.5097589141 -5462221.5379172741 3198015.1117058001 0.0000135974 0.0000038833 -0.0000033750 0.0000548057 -0.0000217667 0.0000203002 -0.0359056406 3.6940636635 0.0314823724 0.0175418053 0.0000124634 0.0000018659 -0.0000010036 0.0000329128 -0.0000105697 0.0000149405
frame00168.jpg -742012.4840345631 -5462221.5468625473 3198015.0982973385 0.0000139764 0.0000041409 -0.0000035987 0.0000543404 -0.0000217073 0.0000204191 0.0171845555 3.7163982391 0.0316103511 0.0176626146 0.0000125735 0.0000020654 -0.0000008879 0.0000330969 -0.0000108193 0.0000150147
frame00169.jpg -742012.5224880676 -5462221.5236922866 3198015.1450057994 0.0000138530 0.0000042773 -0.0000035508 0.0000540880 -0.0000218068 0.0000204138 0.0388563015 3.9303910732 0.0311162956 0.0172325037 0.0000123470 0.0000021696 -0.0000008303 0.0000320661 -0.0000105259 0.0000146591
frame00170.jpg -742012.4914857257 -5462221.5258062566 3198015.0950048780 0.0000158880 0.0000044171 -0.0000016679 0.0000578031 -0.0000216240 0.0000218318 0.0195974354 4.5380392075 0.0313359909 0.0164112952 0.0000125692 0.0000021504 -0.0000007578 0.0000325809 -0.0000105934 0.0000147054
frame00171.jpg -742012.8036787491 -5462221.4665422253 3198015.0612859698 0.0000134936 0.0000042246 -0.0000033582 0.0000524563 -0.0000212518 0.0000199721 0.0310821403 4.7668581009 0.0310524665 0.0159681831 0.0000121582 0.0000022476 -0.0000006202 0.0000318156 -0.0000105880 0.0000144696
frame00172.jpg -742013.1789239439 -5462221.4369107010 3198015.1285951962 0.0000138181 0.0000044764 -0.0000034648 0.0000529751 -0.0000215741 0.0000202750 -0.0208034944 4.7912073135 0.0311659388 0.0160483792 0.0000122316 0.0000022412 -0.0000007311 0.0000319290 -0.0000105921 0.0000145919
frame00173.jpg -742013.6893444124 -5462221.3762704106 3198015.0892152293 0.0000139245 0.0000041508 -0.0000033585 0.0000546935 -0.0000217154 0.0000203117 -0.0226878300 4.8919897079 0.0312743150 0.0162334424 0.0000123564 0.0000020353 -0.0000007601 0.0000323922 -0.0000105249 0.0000146339
frame00174.jpg -742014.1663342321 -5462221.2197167985 3198015.1623855648 0.0000149491 0.0000042906 -0.0000022236 0.0000567492 -0.0000219889 0.0000214162 0.0163254738 4.6797819138 0.0313788652 0.0163510367 0.0000124009 0.0000019865 -0.0000009122 0.0000326483 -0.0000106144 0.0000148617
frame00175.jpg -742014.5490315951 -5462221.1458134484 3198015.3950695051 0.0000136145 0.0000042922 -0.0000033951 0.0000533727 -0.0000217471 0.0000203798 0.0398632847 4.7145714760 0.0311006587 0.0160940718 0.0000122308 0.0000022474 -0.0000007250 0.0000319078 -0.0000106270 0.0000146398
frame00176.jpg -742014.9814631667 -5462221.0694253594 3198015.3445027629 0.0000138434 0.0000041071 -0.0000033781 0.0000537062 -0.0000216209 0.0000203340 0.0422027409 4.8759217262 0.0310664736 0.0161904767 0.0000124630 0.0000021703 -0.0000007540 0.0000320056 -0.0000104724 0.0000146466
frame00177.jpg -742015.4347900266 -5462221.0123262424 3198015.3350429456 0.0000139514 0.0000043936 -0.0000033733 0.0000537681 -0.0000217045 0.0000204436 0.0294093248 4.8837585449 0.0310052466 0.0161995776 0.0000124094 0.0000022752 -0.0000008981 0.0000316135 -0.0000104751 0.0000148016
frame00178.jpg -742015.8468512952 -5462220.9779232051 3198015.2775846249 0.0000147672 0.0000043511 -0.0000023736 0.0000554598 -0.0000215458 0.0000210613 0.0338143222 4.7881603241 0.0310348012 0.0160439424 0.0000121836 0.0000022519 -0.0000007065 0.0000317203 -0.0000105755 0.0000146272
frame00179.jpg -742016.2735873922 -5462220.8396168342 3198015.3615116230 0.0000136227 0.0000042190 -0.0000033063 0.0000534200 -0.0000213360 0.0000199513 0.0874373317 4.8260908127 0.0311389491 0.0163924471 0.0000126525 0.0000021674 -0.0000007062 0.0000325472 -0.0000105460 0.0000148053
frame00180.jpg -742016.6408524631 -5462220.7777298037 3198015.5071431175 0.0000157476 0.0000045734 -0.0000017254 0.0000578766 -0.0000218487 0.0000220237 -0.0030618978 5.4079151154 0.0313470401 0.0165950265 0.0000124714 0.0000022393 -0.0000007248 0.0000323580 -0.0000107325 0.0000146656
frame00181.jpg -742017.0134112258 -5462220.7136881687 3198015.4170391108 0.0000158403 0.0000045980 -0.0000017649 0.0000579114 -0.0000218275 0.0000221560 -0.0485182479 6.2010354996 0.0311492607 0.0177831240 0.0000123134 0.0000022422 -0.0000007756 0.0000318529 -0.0000105717 0.0000147273
frame00182.jpg -742017.3292210724 -5462220.6071883598 3198015.4427959044 0.0000161737 0.0000043284 -0.0000016876 0.0000602299 -0.0000222484 0.0000222649 -0.0095603457 0.6717987657 0.0316125378 0.0174292922 0.0000123426 0.0000018731 -0.0000006851 0.0000333835 -0.0000106926 0.0000146131
frame00183.jpg -742017.1382734578 -5462220.6416494427 3198015.4092402076 0.0000158909 0.0000047019 -0.0000016440 0.0000579045 -0.0000219920 0.0000222604 0.0591000021 0.8572267294 0.0311079714 0.0171855707 0.0000121159 0.0000022702 -0.0000006043 0.0000320175 -0.0000106945 0.0000146598
frame00184.jpg -742017.1133940974 -5462220.6523729274 3198015.3739453391 0.0000161197 0.0000043861 -0.0000018178 0.0000589552 -0.0000220879 0.0000224871 0.1234065890 0.9493758678 0.0310682803 0.0171298198 0.0000123922 0.0000019633 -0.0000009225 0.0000326176 -0.0000106529 0.0000150979
frame00185.jpg -742017.1453488987 -5462220.6609613085 3198015.3370507243 0.0000161258 0.0000037606 -0.0000015537 0.0000618778 -0.0000223101 0.0000221480 -0.0009819653 1.8387726545 0.0315700881 0.0164452139 0.0000123559 0.0000017765 -0.0000007158 0.0000334234 -0.0000105887 0.0000145775
frame00186.jpg -742017.1710798403 -5462220.6070328634 3198015.4360286640 0.0000158833 0.0000046207 -0.0000016819 0.0000576366 -0.0000218237 0.0000220756 0.0702619255 2.1451978683 0.0309714060 0.0163449161 0.0000122556 0.0000022696 -0.0000007305 0.0000318572 -0.0000105579 0.0000145489
frame00187.jpg -742017.1969420869 -5462220.6166578587 3198015.3978429832 0.0000161829 0.0000046065 -0.0000017098 0.0000586594 -0.0000220917 0.0000222870 0.0019731084 2.2380375862 0.0311560594 0.0164631605 0.0000122838 0.0000021632 -0.0000006528 0.0000320314 -0.0000105678 0.0000145254
frame00188.jpg -742017.1565372938 -5462220.5931472154 3198015.4290524269 0.0000161123 0.0000046558 -0.0000017107 0.0000578532 -0.0000219018 0.0000222350 0.0923942998 2.1971697807 0.0309477299 0.0165561270 0.0000123386 0.0000021837 -0.0000007338 0.0000320156 -0.0000105683 0.0000146206
frame00189.jpg -742017.3003550936 -5462220.5934197754 3198015.3818251411 0.0000159882 0.0000047279 -0.0000016743 0.0000573629 -0.0000217672 0.0000223125 0.0496366434 1.9069838524 0.0309339575 0.0160566587 0.0000123593 0.0000023257 -0.0000006068 0.0000316584 -0.0000104646 0.0000145521
frame00190.jpg -742017.8410594333 -5462220.6076982571 3198015.3988114418 0.0000158913 0.0000045803 -0.0000016481 0.0000580188 -0.0000219055 0.0000220860 0.0087770671 1.9941445589 0.0312317684 0.0163545478 0.0000123055 0.0000019151 -0.0000006155 0.0000324973 -0.0000104718 0.0000145004
frame00191.jpg -742018.2921060356 -5462220.4970568251 3198015.4396205018 0.0000159301 0.0000046427 -0.0000015887 0.0000580982 -0.0000219719 0.0000222112 -0.0493107885 1.7221409082 0.0312546715 0.0160743184 0.0000122852 0.0000021132 -0.0000005764 0.0000323005 -0.0000106008 0.0000145211
frame00192.jpg -742018.7248797606 -5462220.4288703501 3198015.4673889726 0.0000160429 0.0000047392 -0.0000016647 0.0000577237 -0.0000217875 0.0000221242 -0.0990249217 1.4544807673 0.0312604569 0.0163591728 0.0000123017 0.0000019941 -0.0000006069 0.0000326323 -0.0000105487 0.0000145003
frame00193.jpg -742019.1075677106 -5462220.3481019428 3198015.5077322517 0.0000159690 0.0000047306 -0.0000017011 0.0000573959 -0.0000217898 0.0000220735 -0.0415921472 1.5032942295 0.0311454181 0.0161442049 0.0000122124 0.0000021366 -0.0000006857 0.0000319928 -0.0000105358 0.0000145123
frame00194.jpg -742019.4928501380 -5462220.2669021105 3198015.5436226800 0.0000160386 0.0000045604 -0.0000017103 0.0000578360 -0.0000218818 0.0000222448 -0.0592068136 1.4800301790 0.0312250629 0.0162409339 0.0000123746 0.0000020273 -0.0000006882 0.0000322779 -0.0000105498 0.0000145599
frame00195.jpg -742019.9382214752 -5462220.1978115654 3198015.6143830991 0.0000159202 0.0000044899 -0.0000016066 0.0000580848 -0.0000218280 0.0000220522 -0.0295763258 1.5292918682 0.0312909894 0.0161865819 0.0000122334 0.0000019771 -0.0000006385 0.0000324973 -0.0000105526 0.0000144907
frame00196.jpg -742020.4176839630 -5462220.0585558033 3198015.5997551917 0.0000159732 0.0000046517 -0.0000015759 0.0000580398 -0.0000218458 0.0000220529 -0.0228149723 1.4655796289 0.0313937664 0.0162314698 0.0000122390 0.0000020873 -0.0000006034 0.0000326819 -0.0000106552 0.0000145139
frame00197.jpg -742020.8821072024 -5462219.9754477423 3198015.5311595681 0.0000160847 0.0000045786 -0.0000016250 0.0000578345 -0.0000218237 0.0000221062 -0.0212719645 1.7395441532 0.0311938096 0.0162200797 0.0000124281 0.0000021141 -0.0000006746 0.0000321721 -0.0000104740 0.0000146663
frame00198.jpg -742020.9700348929 -5462220.2576463688 3198015.9325862168 0.0000158512 0.0000045953 -0.0000016516 0.0000574490 -0.0000217636 0.0000220880 0.0164796375 1.7375158072 0.0312482659 0.0161336884 0.0000122173 0.0000020439 -0.0000006741 0.0000324410 -0.0000105540 0.0000145139
frame00199.jpg -742021.0126100584 -5462220.4716714695 3198016.1508708061 0.0000159463 0.0000046189 -0.0000016599 0.0000577397 -0.0000218899 0.0000221850 -0.0480415858 1.6306225061 0.0313794538 0.0163571741 0.0000124711 0.0000020297 -0.0000005857 0.0000326756 -0.0000105646 0.0000147762
frame00200.jpg -742020.9661666740 -5462220.4676011885 3198016.1655020951 0.0000159670 0.0000046830 -0.0000017192 0.0000581974 -0.0000220430 0.0000222342 -0.0739183947 1.6105262041 0.0314192735 0.0161683299 0.0000122125 0.0000021424 -0.0000007143 0.0000326590 -0.0000107557 0.0000146413
frame00201.jpg -742020.9746804041 -5462220.5326685412 3198015.9238997479 0.0000159011 0.0000046742 -0.0000016849 0.0000578996 -0.0000220429 0.0000223325 -0.0293652881 1.2110168934 0.0311882030 0.0165190902 0.0000121943 0.0000021559 -0.0000006372 0.0000320225 -0.0000106071 0.0000145762
frame00202.jpg -742020.9586238487 -5462220.5728099486 3198015.9893426653 0.0000160866 0.0000047658 -0.0000017901 0.0000578412 -0.0000219453 0.0000223277 -0.0084047457 1.1950771809 0.0312246643 0.0166749302 0.0000123675 0.0000021130 -0.0000008212 0.0000320609 -0.0000105658 0.0000149608
frame00203.jpg -742020.9376851685 -5462220.5885612797 3198015.8945217268 0.0000159725 0.0000047061 -0.0000017095 0.0000574299 -0.0000217663 0.0000221529 -0.0900757834 1.3698484898 0.0311699621 0.0164582618 0.0000123095 0.0000020643 -0.0000007360 0.0000322256 -0.0000105086 0.0000146805
frame00204.jpg -742020.9992095160 -5462220.5597964041 3198016.0797157548 0.0000158631 0.0000045179 -0.0000015637 0.0000577849 -0.0000217907 0.0000219653 0.0445058160 2.1292247772 0.0309086721 0.0161704216 0.0000121590 0.0000021612 -0.0000005687 0.0000316362 -0.0000104736 0.0000143917
frame00205.jpg -742021.0593671887 -5462220.4146461897 3198016.1775325267 0.0000161186 0.0000047844 -0.0000016408 0.0000577591 -0.0000219668 0.0000222061 0.0364429280 2.1323935986 0.0312866420 0.0163334981 0.0000125347 0.0000022539 -0.0000005981 0.0000324670 -0.0000106813 0.0000145595
frame00206.jpg -742021.0779523581 -5462220.4440423576 3198016.1992408610 0.0000159102 0.0000047588 -0.0000016562 0.0000575286 -0.0000218789 0.0000220774 -0.0109422980 1.8505500555 0.0310970470 0.0159263536 0.0000122755 0.0000023103 -0.0000006137 0.0000318096 -0.0000105595 0.0000144461
frame00207.jpg -742021.0452949808 -5462220.3242074335 3198016.1331555001 0.0000159736 0.0000047712 -0.0000017475 0.0000572845 -0.0000217849 0.0000222423 0.0000433428 1.8281496763 0.0312910564 0.0163044930 0.0000123819 0.0000021191 -0.0000008042 0.0000323838 -0.0000105563 0.0000147537
frame00208.jpg -742021.0011920179 -5462220.1478903117 3198016.0348310536 0.0000160112 0.0000046462 -0.0000016391 0.0000575272 -0.0000217972 0.0000221666 -0.0213549379 1.8373653889 0.0312514640 0.0160788409 0.0000123517 0.0000023273 -0.0000006407 0.0000321598 -0.0000106102 0.0000146304
frame00209.jpg -742021.0622525148 -5462220.5908453874 3198016.2857626849 0.0000161889 0.0000047085 -0.0000017584 0.0000597102 -0.0000225224 0.0000225549 -0.0588431992 1.7172436714 0.0323382467 0.0165955517 0.0000129699 0.0000022891 -0.0000008223 0.0000348332 -0.0000112225 0.0000151910
frame00210.jpg -742020.9460446689 -5462218.3631968489 3198014.8765002382 0.0000160444 0.0000045618 -0.0000016042 0.0000595576 -0.0000223782 0.0000223609 0.0238333903 1.7310128212 0.0317099616 0.0162606258 0.0000124937 0.0000021246 -0.0000006332 0.0000334348 -0.0000109210 0.0000148230
frame00211.jpg -742021.1894038817 -5462218.0882056355 3198014.7816020665 0.0000158555 0.0000046604 -0.0000015587 0.0000576335 -0.0000219375 0.0000222553 -0.1981949359 1.7828688622 0.0309140496 0.0163014010 0.0000122572 0.0000024034 -0.0000006035 0.0000322871 -0.0000107586 0.0000146471
frame00212.jpg -742020.2840014653 -5462217.8030942054 3198014.4984529074 0.0000161242 0.0000047561 -0.0000017318 0.0000574280 -0.0000217583 0.0000223982 -0.1497777700 1.7569493055 0.0310306810 0.0164797008 0.0000125174 0.0000022726 -0.0000008019 0.0000321373 -0.0000105380 0.0000148793
frame00213.jpg -742019.7911416037 -5462217.7655915376 3198014.4268451729 0.0000160502 0.0000047664 -0.0000015647 0.0000575704 -0.0000217964 0.0000220554 -0.0327700786 1.7220669985 0.0312861353 0.0161956046 0.0000123977 0.0000020431 -0.0000005991 0.0000325699 -0.0000104700 0.0000144746
frame00214.jpg -742019.7874503453 -5462217.7613951564 3198014.4290572884 0.0000160037 0.0000047124 -0.0000015685 0.0000576730 -0.0000219027 0.0000222123 -0.0576183833 1.6950933933 0.0313373990 0.0160980616 0.0000123755 0.0000022958 -0.0000006327 0.0000323146 -0.0000107297 0.0000146968
frame00215.jpg -742019.7885394571 -5462217.7623865968 3198014.4280959023 0.0000161324 0.0000047108 -0.0000017784 0.0000575978 -0.0000218313 0.0000223702 -0.0526631363 1.7100487947 0.0311501436 0.0161215682 0.0000122791 0.0000021798 -0.0000006731 0.0000319365 -0.0000105579 0.0000146631
frame00216.jpg -742019.7883539835 -5462217.7658876823 3198014.4311617673 0.0000160208 0.0000045232 -0.0000015512 0.0000584524 -0.0000219447 0.0000221749 -0.0287329890 1.7073301077 0.0312976241 0.0161948670 0.0000123011 0.0000020315 -0.0000005568 0.0000324262 -0.0000105780 0.0000146637
frame00217.jpg -742019.7870681331 -5462217.7655183589 3198014.4326603790 0.0000160646 0.0000046768 -0.0000016738 0.0000574169 -0.0000217733 0.0000222664 -0.0362872295 1.7028889656 0.0314359888 0.0164235402 0.0000124749 0.0000018558 -0.0000007314 0.0000330020 -0.0000104821 0.0000146785
